276 201 276 325 316 325 316 201 90
83 197 178 243 161 277 66 232 25.83
489 158 567 221 546 247 468 184 38.92
381 247 448 332 421 354 354 269 51.75
146 117 277 138 270 180 139 159 9.1
127 411 258 432 251 474 120 453 9.1
332 323 380 336 354 437 305 424 104.43
149 170 280 191 273 233 142 212 9.1
134 304 265 325 258 367 127 346 9.1
473 213 540 298 513 320 446 235 51.75
307 107 438 128 431 170 300 149 9.1
325 196 456 217 449 259 318 238 9.1
98 37 229 58 222 100 91 79 9.1
39 308 96 312 88 423 31 419 94.12
